10004,0
10004,1
10004,2
10004,3
10008,4
10004,5
10004,6
10004,7
10004,8
10004,9
10004,10
10004,11
10004,12
10008,13
10004,14
10004,15
10008,16
10004,17
10004,18
10004,19
10004,20
10004,21
10004,22
10004,23
10004,24
10004,25
10004,26
10004,27
10004,28
10004,29
10004,30
10004,31
10004,32
10004,33
10004,34
10004,35
10004,36
10004,37
10004,38
10008,39
10004,40
10004,41
10004,42
10004,43
10004,44
10004,45
10004,46
10008,47
10004,48
10004,49
10004,50
10004,51
10004,52
10008,53
10004,54
10004,55
10004,56
10004,57
10004,58
10004,59
10004,60
10004,61
10004,62
10004,63
10004,64
10008,65
10004,66
10008,67
10004,68
10004,69
10008,70
10004,71
10004,72
10004,73
10004,74
10004,75
10012,76
10004,77
10004,78
10004,79
10004,80
10008,81
10004,82
10004,83
10004,84
10004,85
10004,86
10004,87
10004,88
10004,89
10008,90
10004,91
10004,92
10004,93
10004,94
10008,95
10004,96
10004,97
10004,98
10008,99
10004,100
10008,101
10004,102
10004,103
10004,104
10004,105
10004,106
10004,107
10004,108
10008,109
10004,110
10004,111
10004,112
10008,113
10004,114
10004,115
10004,116
10004,117
10004,118
10004,119
10008,120
10004,121
10004,122
10004,123
10004,124
10004,125
10008,126
10004,127
10008,128
10004,129
10004,130
10004,131
10004,132
10008,133
10004,134
10004,135
10004,136
10004,137
10004,138
10008,139
10004,140
10004,141
10004,142
10004,143
10004,144
10004,145
10004,146
10008,147
10004,148
10004,149
10004,150
10004,151
10004,152
10004,153
10004,154
10004,155
10004,156
10004,157
10004,158
10004,159
10008,160
10004,161
10004,162
10004,163
10004,164
10004,165
10008,166
10004,167
10004,168
10004,169
10004,170
10008,171
10004,172
10004,173
10004,174
10004,175
10004,176
10004,177
10004,178
10004,179
10004,180
10004,181
10004,182
10008,183
10004,184
10004,185
10004,186
10004,187
10004,188
10008,189
10004,190
10004,191
10004,192
10004,193
10008,194
10004,195
10004,196
10004,197
10004,198
10004,199
10004,200
10004,201
10004,202
10004,203
10004,204
10004,205
10008,206
10004,207
10004,208
10004,209
10004,210
10004,211
10008,212
10004,213
10004,214
10004,215
10004,216
10004,217
10004,218
10004,219
10004,220
10004,221
10004,222
10004,223
10008,224
10004,225
10004,226
10004,227
10004,228
10008,229
10012,230
10004,231
10004,232
10004,233
10004,234
10008,235
10004,236
10004,237
10004,238
10004,239
10004,240
10004,241
10004,242
10004,243
10004,244
10004,245
10004,246
10008,247
10004,248
10004,249
10004,250
10004,251
10004,252
10008,253
10004,254
10004,255
10004,256
10004,257
10008,258
10004,259
10004,260
10004,261
10004,262
10004,263
10004,264
10004,265
10004,266
10004,267
10004,268
10004,269
10008,270
10004,271
10004,272
10004,273
10004,274
10004,275
10008,276
10004,277
10004,278
10004,279
10004,280
10004,281
10004,282
10004,283
10004,284
10004,285
10004,286
10008,287
10008,288
10004,289
10004,290
10004,291
10004,292
10008,293
10012,294
10004,295
10004,296
10004,297
10004,298
10008,299
10004,300
10004,301
10004,302
10004,303
10004,304
10004,305
10004,306
10004,307
10004,308
10004,309
10004,310
10008,311
10004,312
10004,313
10004,314
10004,315
10004,316
10008,317
10004,318
10004,319
10004,320
10004,321
10008,322
10004,323
10004,324
10004,325
10004,326
10004,327
10004,328
10004,329
10004,330
10004,331
10004,332
10004,333
10008,334
10004,335
10004,336
10004,337
10004,338
10004,339
10008,340
10004,341
10004,342
10004,343
10004,344
10004,345
10004,346
10004,347
10004,348
10004,349
10004,350
10004,351
10008,352
10004,353
10004,354
10004,355
10004,356
10008,357
10012,358
10004,359
10004,360
10004,361
10004,362
10008,363
10004,364
10004,365
10004,366
10004,367
10004,368
10004,369
10004,370
10004,371
10004,372
10004,373
10004,374
10008,375
10004,376
10004,377
10004,378
10004,379
10004,380
10008,381
10004,382
10004,383
10004,384
10004,385
10008,386
10004,387
10004,388
10004,389
10004,390
10004,391
10004,392
10004,393
10004,394
10004,395
10004,396
10004,397
10008,398
10004,399
10004,400
10004,401
10004,402
10004,403
10008,404
10004,405
10004,406
10004,407
10004,408
10004,409
10004,410
10004,411
10004,412
10004,413
10004,414
10008,415
10008,416
10004,417
10004,418
10004,419
10004,420
10008,421
10012,422
10004,423
10004,424
10004,425
10004,426
10008,427
10004,428
10004,429
10004,430
10004,431
10004,432
10004,433
10004,434
10004,435
10004,436
10004,437
10004,438
10008,439
10004,440
10004,441
10004,442
10004,443
10004,444
10008,445
10004,446
10004,447
10004,448
10004,449
10008,450
10004,451
10004,452
10004,453
10004,454
10004,455
10004,456
10004,457
10004,458
10004,459
10004,460
10004,461
10008,462
10004,463
10004,464
10004,465
10004,466
10004,467
10008,468
10004,469
10004,470
10004,471
10004,472
10004,473
10004,474
10004,475
10004,476
10004,477
10004,478
10004,479
10004,480
10004,481
10004,482
10004,483
10004,484
10008,485
10008,486
10004,487
10004,488
10004,489
10004,490
10004,491
10004,492
10004,493
10004,494
10004,495
10004,496
10004,497
10004,498
10004,499
10004,500
10004,501
10004,502
10008,503
10004,504
10004,505
10004,506
10004,507
10004,508
10008,509
10004,510
10004,511
10004,512
10004,513
10008,514
10004,515
10004,516
10004,517
10004,518
10004,519
10004,520
10004,521
10004,522
10004,523
10004,524
10004,525
10008,526
10004,527
10004,528
10004,529
10004,530
10004,531
10008,532
10004,533
10004,534
10004,535
10004,536
10004,537
10004,538
10004,539
10004,540
10004,541
10004,542
10004,543
10008,544
10004,545
10004,546
10004,547
10004,548
10008,549
10012,550
10004,551
10004,552
10004,553
10004,554
10008,555
10004,556
10004,557
10004,558
10004,559
10004,560
10004,561
10004,562
10004,563
10004,564
10004,565
10004,566
10008,567
10004,568
10004,569
10004,570
10004,571
10004,572
10008,573
10004,574
10004,575
10004,576
10004,577
10008,578
10004,579
10004,580
10004,581
10004,582
10004,583
10004,584
10004,585
10004,586
10004,587
10004,588
10004,589
10008,590
10004,591
10004,592
10004,593
10004,594
10004,595
10008,596
10004,597
10004,598
10004,599
10004,600
10004,601
10004,602
10004,603
10004,604
10004,605
10004,606
10004,607
10008,608
10004,609
10004,610
10004,611
10004,612
10008,613
10012,614
10004,615
10004,616
10004,617
10004,618
10008,619
10004,620
10004,621
10004,622
10004,623
10004,624
10004,625
10004,626
10004,627
10004,628
10004,629
10004,630
10008,631
10004,632
10004,633
10004,634
10004,635
10004,636
10008,637
10004,638
10004,639
10004,640
10004,641
10008,642
10004,643
10004,644
10004,645
10004,646
10004,647
10004,648
10004,649
10004,650
10004,651
10004,652
10004,653
10008,654
10004,655
10004,656
10004,657
10004,658
10004,659
10008,660
10004,661
10004,662
10004,663
10004,664
10004,665
10004,666
10004,667
10004,668
10004,669
10004,670
10004,671
10008,672
10004,673
10004,674
10004,675
10004,676
10008,677
10012,678
10004,679
10004,680
10004,681
10004,682
10008,683
10004,684
10004,685
10004,686
10004,687
10004,688
10004,689
10004,690
10004,691
10004,692
10004,693
10004,694
10008,695
10004,696
10004,697
10004,698
10004,699
10004,700
10008,701
10004,702
10004,703
10004,704
10004,705
10008,706
10004,707
